#NAME MODEL
scene/Asteroid_Icosphere-Mesh/Asteroid_Icosphere-Mesh.obj 0.63291,-1.69443,0.85343,0.0,-0.20862,0.83206,1.8067,0.0,-2.82857,-0.99114,0.12985,0.0,-7.23898,9.185,-8.52466,1.0
scene/Asteroid_Icosphere-Mesh/Asteroid_Icosphere-Mesh.obj 1.86283,0.44366,0.57709,0.0,-0.40568,1.42857,0.21125,0.0,-0.24357,-0.20921,0.94705,0.0,-10.8892,5.7611,15.92058,1.0
scene/Asteroid_Icosphere-Mesh/Asteroid_Icosphere-Mesh.obj 3.0,0.0,0.0,0.0,0.0,2.0,0.0,0.0,0.0,0.0,2.0,0.0,-8.19802,-4.1693,5.87938,1.0
scene/Asteroid_Icosphere-Mesh/Asteroid_Icosphere-Mesh.obj 0.62937,0.59571,-0.49902,0.0,-0.26321,0.76761,0.58438,0.0,0.73117,-0.23645,0.6399,0.0,5.31266,8.3986,4.3042,1.0
scene/Asteroid_Icosphere-Mesh/Asteroid_Icosphere-Mesh.obj -0.47314,1.73877,-0.17012,0.0,0.34691,0.22929,1.37865,0.0,1.43941,0.35054,-0.4205,0.0,4.89154,-8.79444,-16.23402,1.0
scene/Asteroid_Icosphere-Mesh/Asteroid_Icosphere-Mesh.obj 1.30586,1.07446,-0.64526,0.0,-0.06779,0.29195,0.34896,0.0,1.15019,-0.84111,0.92714,0.0,-21.11334,-5.11808,10.91954,1.0
scene/Asteroid_Icosphere-Mesh/Asteroid_Icosphere-Mesh.obj 2.45215,1.21549,-0.26839,0.0,0.0128,0.43676,2.09492,0.0,0.86447,-1.66837,0.34255,0.0,-0.20158,1.11168,-0.21714,1.0
scene/Asteroid_Icosphere-Mesh/Asteroid_Icosphere-Mesh.obj -0.44764,-1.21788,0.52572,0.0,0.00239,0.79191,1.83654,0.0,-1.70551,0.52931,-0.22602,0.0,14.86822,5.2868,-2.12138,1.0
scene/Asteroid_Icosphere-Mesh/Asteroid_Icosphere-Mesh.obj 0.80681,-0.85487,-0.32658,0.0,-0.91533,-1.11762,0.66421,0.0,-0.3318,-0.08429,-0.59908,0.0,22.063,-3.3153,-1.74126,1.0
scene/Asteroid_Icosphere-Mesh/Asteroid_Icosphere-Mesh.obj 1.02281,-0.38831,1.67424,0.0,0.47119,1.93699,0.16139,0.0,-1.65283,0.31191,1.08207,0.0,-20.70646,12.6148,14.39194,1.0
scene/Asteroid_Icosphere-Mesh/Asteroid_Icosphere-Mesh.obj 1.35,0.0,0.0,0.0,0.0,0.3607,1.38376,0.0,0.0,-1.48053,0.38592,0.0,-1.82082,13.12446,4.6257,1.0
scene/Asteroid_Icosphere-Mesh/Asteroid_Icosphere-Mesh.obj 0.81,0.0,0.0,0.0,0.0,0.65573,0.3842,0.0,0.0,-0.65213,1.11302,0.0,-8.4727,13.69842,-11.75072,1.0
scene/Asteroid_Icosphere-Mesh/Asteroid_Icosphere-Mesh.obj 1.29352,-0.5442,0.36489,0.0,0.04708,0.63107,0.77429,0.0,-0.63366,-0.95723,0.81871,0.0,6.2157,2.00966,-0.79792,1.0
scene/Asteroid_Icosphere-Mesh/Asteroid_Icosphere-Mesh.obj 3.46621,0.55303,1.40283,0.0,-0.84957,0.68343,1.82977,0.0,0.02054,-2.91021,1.09653,0.0,13.01098,11.16412,-2.49108,1.0
scene/Asteroid_Icosphere-Mesh/Asteroid_Icosphere-Mesh.obj 1.61,0.0,0.0,0.0,0.0,1.27,0.0,0.0,0.0,0.0,1.55,0.0,-14.27176,2.74338,12.0138,1.0
scene/Asteroid_Icosphere-Mesh/Asteroid_Icosphere-Mesh.obj 0.66266,1.07965,0.80327,0.0,-1.66429,0.57727,0.59708,0.0,0.12322,-1.17986,1.48417,0.0,-18.16606,6.09586,-14.59166,1.0
scene/Asteroid_Icosphere-Mesh/Asteroid_Icosphere-Mesh.obj 1.3,0.0,0.0,0.0,0.0,2.0,0.0,0.0,0.0,0.0,2.0,0.0,-1.6858,-7.8672,3.5592,1.0
scene/Asteroid_Icosphere-Mesh/Asteroid_Icosphere-Mesh.obj 0.21124,-0.68832,-0.0,0.0,0.54464,0.16714,0.21803,0.0,-0.6868,-0.21077,1.87723,0.0,7.73956,-13.86106,-14.26432,1.0
scene/Asteroid_Icosphere-Mesh/Asteroid_Icosphere-Mesh.obj 0.60837,0.6393,-0.4703,0.0,-0.22557,0.70742,0.66983,0.0,0.76092,-0.30142,0.57458,0.0,12.08538,2.12254,-0.79792,1.0
scene/Asteroid_Icosphere-Mesh/Asteroid_Icosphere-Mesh.obj 0.25578,0.88074,-0.39858,0.0,-0.07702,0.42955,0.89975,0.0,0.96366,-0.19944,0.1777,0.0,17.86024,-5.92796,-8.47364,1.0
scene/Asteroid_Icosphere-Mesh/Asteroid_Icosphere-Mesh.obj 1.77794,1.68223,-2.28725,0.0,-1.55083,2.94102,0.95756,0.0,2.77659,0.6143,2.61013,0.0,-12.45026,-10.19458,-2.52744,1.0
scene/Asteroid_Icosphere-Mesh/Asteroid_Icosphere-Mesh.obj 0.23796,-1.24178,1.19539,0.0,0.49966,0.95543,0.89303,0.0,-0.79471,0.13584,0.29931,0.0,-5.46724,0.05686,-14.65938,1.0
scene/Asteroid_Icosphere-Mesh/Asteroid_Icosphere-Mesh.obj 0.98343,-0.05544,0.1726,0.0,0.1639,0.67873,-0.71586,0.0,-0.07747,0.73229,0.67657,0.0,-13.08654,-3.6907,10.77214,1.0
scene/Asteroid_Icosphere-Mesh/Asteroid_Icosphere-Mesh.obj 1.32171,0.65002,-0.28382,0.0,-0.41807,0.90092,0.11647,0.0,0.44187,-0.04704,1.95001,0.0,-10.6671,-0.05546,6.78786,1.0
scene/Asteroid_Icosphere-Mesh/Asteroid_Icosphere-Mesh.obj -1.42992,0.35933,-0.96115,0.0,-0.28259,1.1123,0.83626,0.0,0.99737,1.06861,-1.08431,0.0,-17.55954,-1.64556,9.9273,1.0
scene/Asteroid_Icosphere-Mesh/Asteroid_Icosphere-Mesh.obj 0.30812,1.81819,0.77411,0.0,-1.97021,0.34319,-0.02185,0.0,-0.07635,-0.37961,0.92199,0.0,13.58884,-0.05364,15.80494,1.0
scene/Asteroid_Icosphere-Mesh/Asteroid_Icosphere-Mesh.obj -1.31383,-0.59818,0.89779,0.0,-0.24408,1.86595,0.88604,0.0,-0.65484,0.28061,-0.77133,0.0,14.02248,-12.00078,5.1601,1.0
scene/Asteroid_Icosphere-Mesh/Asteroid_Icosphere-Mesh.obj 1.7,0.0,0.0,0.0,0.0,1.24,0.0,0.0,0.0,0.0,1.72,0.0,-5.22886,-13.02264,-12.17096,1.0
scene/Asteroid_Icosphere-Mesh/Asteroid_Icosphere-Mesh.obj 0.59074,-0.52565,-3.05947,0.0,0.93324,1.22464,-0.03021,0.0,1.73966,-1.31188,0.5613,0.0,-20.24422,0.86622,-9.319,1.0
scene/Asteroid_Icosphere-Mesh/Asteroid_Icosphere-Mesh.obj 0.44491,0.71977,-0.53291,0.0,0.48044,0.31036,0.82028,0.0,0.7558,-0.62098,-0.20772,0.0,-16.8469,14.2632,-16.02398,1.0
scene/Asteroid_Icosphere-Mesh/Asteroid_Icosphere-Mesh.obj 0.54422,0.75802,-0.3595,0.0,0.5317,0.01983,0.8467,0.0,0.64894,-0.65193,-0.39224,0.0,-22.0516,5.69594,-0.17058,1.0
scene/Asteroid_Icosphere-Mesh/Asteroid_Icosphere-Mesh.obj 0.94879,0.24465,-0.19986,0.0,-0.30899,0.85035,-0.42594,0.0,0.06575,0.46589,0.8824,0.0,-21.83226,-13.53966,6.92854,1.0
scene/Asteroid_Icosphere-Mesh/Asteroid_Icosphere-Mesh.obj 1.6744,0.42538,-1.88919,0.0,-0.53076,1.2827,-0.1816,0.0,1.09315,0.6089,1.10597,0.0,-17.06426,-9.07638,6.88478,1.0
scene/Asteroid_Icosphere-Mesh/Asteroid_Icosphere-Mesh.obj 0.22953,0.43335,0.87151,0.0,-0.13557,0.90092,-0.41227,0.0,-0.96381,-0.02352,0.26553,0.0,22.42016,-11.39086,8.21514,1.0
scene/Asteroid_Icosphere-Mesh/Asteroid_Icosphere-Mesh.obj -0.58956,0.11979,-2.93906,0.0,1.35453,1.45608,-0.21236,0.0,1.41802,-1.36875,-0.34023,0.0,12.15136,-4.38416,-7.59772,1.0
scene/Asteroid_Icosphere-Mesh/Asteroid_Icosphere-Mesh.obj 1.3498,-0.73496,1.2798,0.0,0.69808,1.84602,0.32388,0.0,-1.30028,0.22812,1.50241,0.0,2.26196,8.14864,-8.28966,1.0
scene/Asteroid_Icosphere-Mesh/Asteroid_Icosphere-Mesh.obj 0.31645,-0.84721,0.42672,0.0,-0.10431,0.41603,0.90335,0.0,-0.94286,-0.33038,0.04328,0.0,-1.38294,-5.25832,-7.54776,1.0
scene/Asteroid_Icosphere-Mesh/Asteroid_Icosphere-Mesh.obj 0.31645,-0.84721,0.42672,0.0,-0.10431,0.41603,0.90335,0.0,-0.94286,-0.33038,0.04328,0.0,-1.71874,4.7087,-8.18438,1.0
scene/Asteroid_Icosphere-Mesh/Asteroid_Icosphere-Mesh.obj 0.31645,-0.84721,0.42672,0.0,-0.10431,0.41603,0.90335,0.0,-0.94286,-0.33038,0.04328,0.0,9.58926,6.03176,-7.95176,1.0
scene/Asteroid_Icosphere-Mesh/Asteroid_Icosphere-Mesh.obj 0.95476,0.05485,0.29228,0.0,0.18169,0.67047,-0.71935,0.0,-0.23542,0.73991,0.63017,0.0,22.14664,14.08152,-8.28966,1.0
scene/Asteroid_Icosphere-Mesh/Asteroid_Icosphere-Mesh.obj 0.23683,0.59224,2.05321,0.0,0.25781,0.56473,-0.19263,0.0,-1.59485,0.72,-0.02372,0.0,21.212,4.50492,-8.28966,1.0
scene/Asteroid_Icosphere-Mesh/Asteroid_Icosphere-Mesh.obj 0.61398,-0.2966,-0.73147,0.0,-0.76145,0.02152,-0.64787,0.0,0.2079,0.95476,-0.21263,0.0,18.27556,0.59654,10.72542,1.0
scene/Asteroid_Icosphere-Mesh/Asteroid_Icosphere-Mesh.obj 0.40506,-1.08443,0.5462,0.0,-0.16585,0.66149,1.43633,0.0,-1.28228,-0.44932,0.05887,0.0,6.44672,13.87456,-7.95176,1.0
scene/Asteroid_Icosphere-Mesh/Asteroid_Icosphere-Mesh.obj 0.78559,-0.2081,0.5827,0.0,-0.61635,-0.34598,0.7074,0.0,0.05439,-0.91487,-0.40007,0.0,20.00086,9.6433,8.35068,1.0
scene/Asteroid_Icosphere-Mesh/Asteroid_Icosphere-Mesh.obj -0.64873,0.42802,-1.39855,0.0,-0.90229,1.3222,0.82319,0.0,1.07018,0.87302,-0.22923,0.0,2.12196,-12.91536,15.07456,1.0
scene/Asteroid_Icosphere-Mesh/Asteroid_Icosphere-Mesh.obj -1.20502,1.58552,-0.18453,0.0,0.66201,0.6409,1.18363,0.0,1.99494,1.30414,-1.82194,0.0,3.08368,-5.46538,13.1782,1.0
scene/Asteroid_Icosphere-Mesh/Asteroid_Icosphere-Mesh.obj 1.168,-0.05619,-0.38148,0.0,-0.07081,1.48583,-0.43566,0.0,0.40939,0.37101,1.19881,0.0,-7.14148,-8.55802,5.87938,1.0
scene/Asteroid_Icosphere-Mesh/Asteroid_Icosphere-Mesh.obj 0.18019,-1.60194,0.39611,0.0,-0.99082,0.18925,1.21608,0.0,-1.38841,-0.41973,-1.0659,0.0,-13.16704,11.81566,-7.95176,1.0
scene/Asteroid_Icosphere-Mesh/Asteroid_Icosphere-Mesh.obj 0.18019,-1.60194,0.39611,0.0,-0.99082,0.18925,1.21608,0.0,-1.38841,-0.41973,-1.0659,0.0,-9.0007,9.42116,0.91002,1.0
scene/Asteroid_Icosphere-Mesh/Asteroid_Icosphere-Mesh.obj 0.49683,-1.33012,0.66994,0.0,-0.09388,0.37443,0.81301,0.0,-1.32943,-0.46583,0.06103,0.0,-19.732,-8.3401,-11.75652,1.0
scene/Asteroid_Icosphere-Mesh/Asteroid_Icosphere-Mesh.obj 0.41969,-0.73674,1.81137,0.0,-1.0273,1.49331,0.8454,0.0,-1.60565,-1.06904,-0.06279,0.0,18.78862,-12.4437,-8.20726,1.0
scene/Asteroid_Icosphere-Mesh/Asteroid_Icosphere-Mesh.obj 0.78559,-0.2081,0.5827,0.0,-0.61635,-0.34598,0.7074,0.0,0.05439,-0.91487,-0.40007,0.0,20.00086,4.83466,6.6575,1.0
scene/Asteroid_Icosphere-Mesh/Asteroid_Icosphere-Mesh.obj 1.00556,-0.26637,0.74586,0.0,-0.86905,-0.48784,0.99743,0.0,0.06854,-1.15274,-0.50408,0.0,5.1357,6.18668,11.20334,1.0
scene/Asteroid_Icosphere-Mesh/Asteroid_Icosphere-Mesh.obj 1.40621,-0.3725,1.04303,0.0,-0.79509,-0.44632,0.91254,0.0,0.10009,-1.68336,-0.73613,0.0,9.98198,2.0154,4.86626,1.0
scene/Asteroid_Icosphere-Mesh/Asteroid_Icosphere-Mesh.obj -0.20706,1.94289,0.42697,0.0,-1.19049,-0.46494,1.53836,0.0,2.39054,-0.14234,1.80695,0.0,7.96838,-9.0225,-44.35608,1.0
scene/Asteroid_Icosphere-Mesh/Asteroid_Icosphere-Mesh.obj -1.86274,-0.44404,0.57709,0.0,0.40597,-1.42849,0.21125,0.0,0.24352,0.20926,0.94705,0.0,11.6179,-5.59786,-19.91086,1.0
scene/Asteroid_Icosphere-Mesh/Asteroid_Icosphere-Mesh.obj -3.0,-0.00061,0.0,0.0,0.00041,-2.0,0.0,0.0,0.0,0.0,2.0,0.0,8.9247,4.332,-29.95204,1.0
scene/Asteroid_Icosphere-Mesh/Asteroid_Icosphere-Mesh.obj -0.62925,-0.59584,-0.49902,0.0,0.26336,-0.76756,0.58438,0.0,-0.73122,0.2363,0.6399,0.0,-4.58342,-8.23864,-31.52724,1.0
scene/Asteroid_Icosphere-Mesh/Asteroid_Icosphere-Mesh.obj 0.47349,-1.73867,-0.17012,0.0,-0.34686,-0.22936,1.37865,0.0,-1.43934,-0.35083,-0.4205,0.0,-4.16568,8.3693,-51.57782,1.0
scene/Asteroid_Icosphere-Mesh/Asteroid_Icosphere-Mesh.obj -1.30565,-1.07473,-0.64526,0.0,0.06785,-0.29194,0.34896,0.0,-1.15036,0.84088,0.92714,0.0,21.83982,5.2834,-24.9119,1.0
scene/Asteroid_Icosphere-Mesh/Asteroid_Icosphere-Mesh.obj -2.4519,-1.21599,-0.26839,0.0,-0.01271,-0.43676,2.09492,0.0,-0.86481,1.66819,0.34255,0.0,0.92934,-0.95062,-36.04858,1.0
scene/Asteroid_Icosphere-Mesh/Asteroid_Icosphere-Mesh.obj 0.44739,1.21797,0.52572,0.0,-0.00223,-0.79191,1.83654,0.0,1.70561,-0.52896,-0.22602,0.0,-14.13962,-5.1288,-37.95282,1.0
scene/Asteroid_Icosphere-Mesh/Asteroid_Icosphere-Mesh.obj -0.7681,0.8705,-0.37503,0.0,0.5941,0.99372,1.0898,0.0,0.47001,0.2185,-0.45546,0.0,-21.33614,3.47184,-37.5727,1.0
scene/Asteroid_Icosphere-Mesh/Asteroid_Icosphere-Mesh.obj -0.70589,0.11899,1.8675,0.0,0.1399,-1.98702,0.17949,0.0,1.86605,0.19398,0.69298,0.0,21.43656,-12.44954,-21.43948,1.0
scene/Asteroid_Icosphere-Mesh/Asteroid_Icosphere-Mesh.obj -1.35,-0.00027,-0.0,0.0,7e-05,-0.3607,1.38376,0.0,-0.0003,1.48053,0.38592,0.0,2.55102,-12.96306,-31.20574,1.0
scene/Asteroid_Icosphere-Mesh/Asteroid_Icosphere-Mesh.obj -0.81,-0.00016,-0.0,0.0,0.00013,-0.65573,0.3842,0.0,-0.00013,0.65213,1.11302,0.0,9.20302,-13.53568,-47.58216,1.0
scene/Asteroid_Icosphere-Mesh/Asteroid_Icosphere-Mesh.obj -1.29364,0.54394,0.36489,0.0,-0.04696,-0.63108,0.77429,0.0,0.63347,0.95736,0.81871,0.0,-5.48776,-1.8499,-36.62934,1.0
scene/Asteroid_Icosphere-Mesh/Asteroid_Icosphere-Mesh.obj -2.84266,0.24893,-2.47906,0.0,-0.65191,-1.95132,0.55159,0.0,-1.81551,1.22992,2.20529,0.0,-12.28118,-11.00574,-38.32252,1.0
scene/Asteroid_Icosphere-Mesh/Asteroid_Icosphere-Mesh.obj -1.61,-0.00033,0.0,0.0,0.00026,-1.27,0.0,0.0,0.0,0.0,1.55,0.0,14.99984,-2.57944,-23.81764,1.0
scene/Asteroid_Icosphere-Mesh/Asteroid_Icosphere-Mesh.obj -0.66244,-1.07978,0.80327,0.0,1.66441,-0.57693,0.59708,0.0,-0.12346,1.17983,1.48417,0.0,18.89484,-5.93114,-50.4231,1.0
scene/Asteroid_Icosphere-Mesh/Asteroid_Icosphere-Mesh.obj -1.3,-0.00026,0.0,0.0,0.00041,-2.0,0.0,0.0,0.0,0.0,2.0,0.0,2.41172,8.02858,-32.27224,1.0
scene/Asteroid_Icosphere-Mesh/Asteroid_Icosphere-Mesh.obj -0.21138,0.68827,0.0,0.0,-0.5446,-0.16725,0.21803,0.0,0.68676,0.21091,1.87723,0.0,-7.01484,14.0205,-50.09576,1.0
scene/Asteroid_Icosphere-Mesh/Asteroid_Icosphere-Mesh.obj -0.60824,-0.63942,-0.47031,0.0,0.22572,-0.70738,0.66983,0.0,-0.76099,0.30126,0.57458,0.0,-11.35742,-1.96398,-36.62934,1.0
scene/Asteroid_Icosphere-Mesh/Asteroid_Icosphere-Mesh.obj -0.2556,-0.8808,-0.39858,0.0,0.07711,-0.42954,0.89975,0.0,-0.9637,0.19924,0.17771,0.0,-17.13392,6.08534,-44.30508,1.0
scene/Asteroid_Icosphere-Mesh/Asteroid_Icosphere-Mesh.obj -0.08551,0.06152,-3.34835,0.0,-0.65811,-3.39654,-0.0456,0.0,-3.78825,0.73253,0.1102,0.0,13.94454,11.8784,-37.01824,1.0
scene/Asteroid_Icosphere-Mesh/Asteroid_Icosphere-Mesh.obj -0.23822,1.24173,1.19539,0.0,-0.49946,-0.95553,0.89303,0.0,0.79473,-0.13568,0.29931,0.0,6.19478,0.10528,-50.49082,1.0
scene/Asteroid_Icosphere-Mesh/Asteroid_Icosphere-Mesh.obj -0.98344,0.05524,0.1726,0.0,-0.16376,-0.67877,-0.71586,0.0,0.07761,-0.73227,0.67657,0.0,13.8133,3.85438,-25.0593,1.0
scene/Asteroid_Icosphere-Mesh/Asteroid_Icosphere-Mesh.obj -1.32158,-0.65029,-0.28382,0.0,0.41825,-0.90083,0.11647,0.0,-0.44188,0.04695,1.95001,0.0,11.39462,0.21864,-29.04358,1.0
scene/Asteroid_Icosphere-Mesh/Asteroid_Icosphere-Mesh.obj 1.43,-0.35904,-0.96115,0.0,0.28282,-1.11225,0.83626,0.0,-0.99716,-1.06881,-1.08431,0.0,18.28674,1.81016,-25.90414,1.0
scene/Asteroid_Icosphere-Mesh/Asteroid_Icosphere-Mesh.obj -0.30775,-1.81825,0.77411,0.0,1.97029,-0.34279,-0.02185,0.0,0.07627,0.37962,0.92199,0.0,-12.86132,0.2119,-20.02648,1.0
scene/Asteroid_Icosphere-Mesh/Asteroid_Icosphere-Mesh.obj 1.12231,0.61246,1.12041,0.0,-0.06261,-1.79725,1.04517,0.0,0.78803,-0.36915,-0.58757,0.0,-13.2974,12.15896,-30.67132,1.0
scene/Asteroid_Icosphere-Mesh/Asteroid_Icosphere-Mesh.obj -1.7,-0.00035,0.0,0.0,0.00025,-1.24,0.0,0.0,0.0,0.0,1.72,0.0,5.95372,13.18474,-48.0024,1.0
scene/Asteroid_Icosphere-Mesh/Asteroid_Icosphere-Mesh.obj -0.59085,0.52553,-3.05947,0.0,-0.933,-1.22483,-0.03021,0.0,-1.73993,1.31152,0.5613,0.0,20.97192,-0.70106,-45.15044,1.0
scene/Asteroid_Icosphere-Mesh/Asteroid_Icosphere-Mesh.obj -0.44476,-0.71986,-0.53291,0.0,-0.48037,-0.31046,0.82028,0.0,-0.75593,0.62082,-0.20772,0.0,17.57732,-14.09874,-51.85542,1.0
scene/Asteroid_Icosphere-Mesh/Asteroid_Icosphere-Mesh.obj -0.54406,-0.75813,-0.3595,0.0,-0.53169,-0.01994,0.8467,0.0,-0.64908,0.6518,-0.39224,0.0,22.7803,-5.53042,-36.002,1.0
scene/Asteroid_Icosphere-Mesh/Asteroid_Icosphere-Mesh.obj -0.94874,-0.24484,-0.19986,0.0,0.30916,-0.85029,-0.42594,0.0,-0.06565,-0.4659,0.8824,0.0,22.55704,13.70512,-28.9029,1.0
scene/Asteroid_Icosphere-Mesh/Asteroid_Icosphere-Mesh.obj -1.67431,-0.42572,-1.88919,0.0,0.53102,-1.28259,-0.1816,0.0,-1.09302,-0.60913,1.10597,0.0,17.78992,9.24088,-28.94666,1.0
scene/Asteroid_Icosphere-Mesh/Asteroid_Icosphere-Mesh.obj -0.22944,-0.4334,0.87151,0.0,0.13575,-0.90089,-0.41227,0.0,0.96381,0.02372,0.26553,0.0,-21.69496,11.5473,-27.6163,1.0
scene/Asteroid_Icosphere-Mesh/Asteroid_Icosphere-Mesh.obj -0.56093,0.49892,-2.90456,0.0,-1.21168,-1.59069,-0.03923,0.0,-1.5466,1.1658,0.49893,0.0,-11.42472,4.54272,-43.42916,1.0
scene/Asteroid_Icosphere-Mesh/Asteroid_Icosphere-Mesh.obj -1.34995,0.73469,1.2798,0.0,-0.6977,-1.84616,0.32388,0.0,1.30033,-0.22785,1.50241,0.0,-1.53276,-7.98806,-44.1211,1.0
scene/Asteroid_Icosphere-Mesh/Asteroid_Icosphere-Mesh.obj -0.31663,0.84715,0.42672,0.0,0.10439,-0.41601,0.90335,0.0,0.94279,0.33057,0.04328,0.0,2.1094,5.41964,-43.3792,1.0
scene/Asteroid_Icosphere-Mesh/Asteroid_Icosphere-Mesh.obj -0.31663,0.84715,0.42672,0.0,0.10439,-0.41601,0.90335,0.0,0.94279,0.33057,0.04328,0.0,2.44722,-4.54732,-44.0158,1.0
scene/Asteroid_Icosphere-Mesh/Asteroid_Icosphere-Mesh.obj -0.31663,0.84715,0.42672,0.0,0.10439,-0.41601,0.90335,0.0,0.94279,0.33057,0.04328,0.0,-8.8605,-5.87268,-43.7832,1.0
scene/Asteroid_Icosphere-Mesh/Asteroid_Icosphere-Mesh.obj -0.95475,-0.05505,0.29228,0.0,-0.18156,-0.6705,-0.71935,0.0,0.23557,-0.73986,0.63017,0.0,-21.41624,-13.92502,-44.12108,1.0
scene/Asteroid_Icosphere-Mesh/Asteroid_Icosphere-Mesh.obj -0.23671,-0.59229,2.05321,0.0,-0.2577,-0.56479,-0.19263,0.0,1.595,-0.71967,-0.02372,0.0,-20.48356,-4.3482,-44.1211,1.0
scene/Asteroid_Icosphere-Mesh/Asteroid_Icosphere-Mesh.obj -0.61405,0.29648,-0.73147,0.0,0.76145,-0.02137,-0.64787,0.0,-0.20771,-0.9548,-0.21263,0.0,-17.5479,-0.43924,-25.10602,1.0
scene/Asteroid_Icosphere-Mesh/Asteroid_Icosphere-Mesh.obj -0.40528,1.08435,0.5462,0.0,0.16598,-0.66145,1.43633,0.0,1.28219,0.44958,0.05887,0.0,-5.71636,-13.71484,-43.7832,1.0
scene/Asteroid_Icosphere-Mesh/Asteroid_Icosphere-Mesh.obj -0.78563,0.20794,0.5827,0.0,0.61628,0.34611,0.7074,0.0,-0.05458,0.91486,-0.40007,0.0,-19.27136,-9.48634,-27.48074,1.0
scene/Asteroid_Icosphere-Mesh/Asteroid_Icosphere-Mesh.obj 1.3,-0.3264,-0.87377,0.0,0.3585,-1.40989,1.06005,0.0,-0.76704,-0.82216,-0.83409,0.0,-1.39706,13.07594,-20.75688,1.0
scene/Asteroid_Icosphere-Mesh/Asteroid_Icosphere-Mesh.obj 0.81411,-0.89326,-1.59353,0.0,0.87402,-0.81719,0.9046,0.0,-2.11025,-2.12921,0.11545,0.0,-2.35728,5.62576,-22.65324,1.0
scene/Asteroid_Icosphere-Mesh/Asteroid_Icosphere-Mesh.obj -1.03445,0.08595,-0.65988,0.0,0.41332,-1.25436,-0.81132,0.0,-0.62137,-0.76992,0.8738,0.0,7.09844,7.20024,-31.29268,1.0
scene/Asteroid_Icosphere-Mesh/Asteroid_Icosphere-Mesh.obj -0.51851,1.49641,0.49751,0.0,1.27837,0.13766,0.91827,0.0,0.89604,0.76325,-1.36183,0.0,13.89698,-11.65194,-43.7832,1.0
scene/Asteroid_Icosphere-Mesh/Asteroid_Icosphere-Mesh.obj -0.18052,1.60191,0.39611,0.0,0.99086,-0.18905,1.21609,0.0,1.38832,0.42002,-1.0659,0.0,9.73014,-9.2583,-34.92142,1.0
scene/Asteroid_Icosphere-Mesh/Asteroid_Icosphere-Mesh.obj -0.4971,1.33002,0.66994,0.0,0.09395,-0.37441,0.81301,0.0,1.32933,0.4661,0.06103,0.0,20.45782,8.50516,-47.58794,1.0
scene/Asteroid_Icosphere-Mesh/Asteroid_Icosphere-Mesh.obj -0.9395,0.3325,1.73401,0.0,0.91231,-1.59026,0.79924,0.0,1.45872,1.12559,0.57452,0.0,-18.06362,12.6009,-44.0387,1.0
scene/Asteroid_Icosphere-Mesh/Asteroid_Icosphere-Mesh.obj -0.78563,0.20794,0.5827,0.0,0.61628,0.34611,0.7074,0.0,-0.05458,0.91486,-0.40007,0.0,-19.27234,-4.67772,-29.17392,1.0
scene/Asteroid_Icosphere-Mesh/Asteroid_Icosphere-Mesh.obj -1.00561,0.26617,0.74586,0.0,0.86895,0.48802,0.99743,0.0,-0.06877,1.15272,-0.50408,0.0,-4.40692,-6.0267,-24.6281,1.0
scene/Asteroid_Icosphere-Mesh/Asteroid_Icosphere-Mesh.obj -1.40629,0.37222,1.04303,0.0,0.795,0.44648,0.91254,0.0,-0.10043,1.68334,-0.73612,0.0,-9.25404,-1.8564,-30.96518,1.0
scene/Asteroid_Icosphere-Mesh/Asteroid_Icosphere-Mesh.obj -0.63987,-1.69443,-0.84823,0.0,0.19384,0.83206,-1.80834,0.0,2.82741,-0.99114,-0.15297,0.0,8.03648,9.185,44.04534,1.0
scene/Asteroid_Icosphere-Mesh/Asteroid_Icosphere-Mesh.obj -1.86748,0.44366,-0.56184,0.0,0.40393,1.42857,-0.21456,0.0,0.23581,-0.20921,-0.94901,0.0,11.48672,5.7611,19.57108,1.0
scene/Asteroid_Icosphere-Mesh/Asteroid_Icosphere-Mesh.obj -2.59648,0.66717,-1.34656,0.0,0.35524,1.94814,0.28025,0.0,0.93676,0.08311,-1.76511,0.0,8.87772,-4.1693,29.63394,1.0
scene/Asteroid_Icosphere-Mesh/Asteroid_Icosphere-Mesh.obj -0.62527,0.59571,0.50415,0.0,0.25842,0.76761,-0.58651,0.0,-0.73638,-0.23645,-0.63391,0.0,-4.61964,8.3986,31.31954,1.0
scene/Asteroid_Icosphere-Mesh/Asteroid_Icosphere-Mesh.obj 0.47451,1.73876,0.16625,0.0,-0.35817,0.22928,-1.37577,0.0,-1.43593,0.35054,0.43225,0.0,-4.0346,-8.20928,51.36602,1.0
scene/Asteroid_Icosphere-Mesh/Asteroid_Icosphere-Mesh.obj -1.30054,1.07446,0.65591,0.0,0.06493,0.29195,-0.3495,0.0,-1.15773,-0.84111,-0.91771,0.0,21.7514,-5.11808,24.48838,1.0
scene/Asteroid_Icosphere-Mesh/Asteroid_Icosphere-Mesh.obj -2.44988,1.21549,0.28843,0.0,-0.02992,0.43676,-2.09474,0.0,-0.86724,-1.66837,-0.33547,0.0,0.9314,1.11168,35.79566,1.0
scene/Asteroid_Icosphere-Mesh/Asteroid_Icosphere-Mesh.obj 0.44333,-1.21788,-0.52937,0.0,-0.0174,0.7919,-1.83646,0.0,1.7073,0.52931,0.21206,0.0,-14.12234,5.2868,37.82302,1.0
scene/Asteroid_Icosphere-Mesh/Asteroid_Icosphere-Mesh.obj -0.80412,-0.85487,0.33316,0.0,0.90987,-1.11762,-0.67167,0.0,0.33669,-0.08429,0.59635,0.0,-21.31998,-3.3153,37.50174,1.0
scene/Asteroid_Icosphere-Mesh/Asteroid_Icosphere-Mesh.obj -0.53721,-0.57525,-1.83861,0.0,-1.14109,1.63291,-0.17749,0.0,1.5522,1.00134,-0.76681,0.0,21.31616,12.6148,21.01942,1.0
scene/Asteroid_Icosphere-Mesh/Asteroid_Icosphere-Mesh.obj -1.34996,-0.0,0.01104,0.0,-0.01131,0.3607,-1.38372,0.0,-0.00316,-1.48053,-0.38591,0.0,2.51098,13.12446,30.93974,1.0
scene/Asteroid_Icosphere-Mesh/Asteroid_Icosphere-Mesh.obj -0.80997,-0.0,0.00662,0.0,-0.00314,0.65573,-0.38419,0.0,-0.0091,-0.65214,-1.11299,0.0,9.29652,13.69842,47.26122,1.0
scene/Asteroid_Icosphere-Mesh/Asteroid_Icosphere-Mesh.obj -1.29646,-0.5442,-0.3543,0.0,-0.05341,0.63107,-0.77388,0.0,0.62695,-0.95723,-0.82386,0.0,-5.48092,2.00966,36.42886,1.0
scene/Asteroid_Icosphere-Mesh/Asteroid_Icosphere-Mesh.obj -3.7546,-0.392,-0.19493,0.0,-0.11,1.69359,-1.28708,0.0,0.3224,-1.85834,-2.47283,0.0,-12.07294,10.72712,38.60894,1.0
scene/Asteroid_Icosphere-Mesh/Asteroid_Icosphere-Mesh.obj -1.60995,0.0,0.01316,0.0,0.0,1.27,0.0,0.0,-0.01267,0.0,-1.54995,0.0,14.9011,2.74338,23.45008,1.0
scene/Asteroid_Icosphere-Mesh/Asteroid_Icosphere-Mesh.obj -0.66921,1.07966,-0.79783,0.0,1.65936,0.57727,-0.61066,0.0,-0.13535,-1.17986,-1.48312,0.0,19.0128,6.09586,50.02282,1.0
scene/Asteroid_Icosphere-Mesh/Asteroid_Icosphere-Mesh.obj -1.29996,0.0,0.01063,0.0,0.0,2.0,0.0,0.0,-0.01635,0.0,-1.99993,0.0,2.38468,-7.8672,32.0073,1.0
scene/Asteroid_Icosphere-Mesh/Asteroid_Icosphere-Mesh.obj -0.21123,-0.68832,0.00173,0.0,-0.5464,0.16714,-0.21357,0.0,0.67143,-0.21077,-1.88279,0.0,-6.89464,-13.86106,49.90728,1.0
scene/Asteroid_Icosphere-Mesh/Asteroid_Icosphere-Mesh.obj -0.6045,0.6393,0.47526,0.0,0.22009,0.70742,-0.67165,0.0,-0.7656,-0.30142,-0.56834,0.0,-11.35042,2.12254,36.47684,1.0
scene/Asteroid_Icosphere-Mesh/Asteroid_Icosphere-Mesh.obj -0.25251,0.88074,0.40066,0.0,0.06966,0.42955,-0.90035,0.0,-0.96508,-0.19944,-0.16982,0.0,-17.06232,-5.92796,44.19954,1.0
scene/Asteroid_Icosphere-Mesh/Asteroid_Icosphere-Mesh.obj -1.8393,2.42658,1.39685,0.0,2.84265,1.93541,0.38092,0.0,-0.59249,1.55565,-3.48261,0.0,13.19854,-10.19458,38.00572,1.0
scene/Asteroid_Icosphere-Mesh/Asteroid_Icosphere-Mesh.obj -0.24773,-1.24178,-1.19341,0.0,-0.50694,0.95543,-0.88892,0.0,0.79223,0.13584,-0.3058,0.0,6.31494,0.05686,50.19436,1.0
scene/Asteroid_Icosphere-Mesh/Asteroid_Icosphere-Mesh.obj -0.98481,-0.05544,-0.16456,0.0,-0.15804,0.67873,0.71718,0.0,0.07193,0.73229,-0.67718,0.0,13.72606,-3.6907,24.7014,1.0
scene/Asteroid_Icosphere-Mesh/Asteroid_Icosphere-Mesh.obj -1.4673,-0.16508,0.26423,0.0,-0.10509,0.99376,0.03725,0.0,-0.35831,0.03585,-1.96733,0.0,11.3393,-0.05546,28.70532,1.0
scene/Asteroid_Icosphere-Mesh/Asteroid_Icosphere-Mesh.obj 1.43773,0.35933,0.94942,0.0,0.27574,1.1123,-0.83854,0.0,-0.98847,1.06861,1.09243,0.0,18.20584,-1.64556,25.50964,1.0
scene/Asteroid_Icosphere-Mesh/Asteroid_Icosphere-Mesh.obj -0.14873,1.68343,-1.06955,0.0,1.89289,0.45704,0.45614,0.0,0.31418,-0.48917,-0.81364,0.0,-12.98956,-0.05364,19.88684,1.0
scene/Asteroid_Icosphere-Mesh/Asteroid_Icosphere-Mesh.obj 1.30645,-0.59818,-0.9085,0.0,0.23683,1.86595,-0.88801,0.0,0.66112,0.28061,0.76595,0.0,-13.33616,-12.00078,30.53486,1.0
scene/Asteroid_Icosphere-Mesh/Asteroid_Icosphere-Mesh.obj -1.69994,0.0,0.0139,0.0,0.0,1.24,0.0,0.0,-0.01406,0.0,-1.71994,0.0,6.05622,-13.02264,47.70796,1.0
scene/Asteroid_Icosphere-Mesh/Asteroid_Icosphere-Mesh.obj -0.56571,-0.52565,3.06419,0.0,-0.93297,1.22464,0.03784,0.0,-1.74419,-1.31187,-0.54706,0.0,21.04776,0.86622,44.73336,1.0
scene/Asteroid_Icosphere-Mesh/Asteroid_Icosphere-Mesh.obj -0.44054,0.71977,0.53653,0.0,-0.48713,0.31036,-0.81632,0.0,-0.75408,-0.62098,0.21389,0.0,17.70538,14.2632,51.46588,1.0
scene/Asteroid_Icosphere-Mesh/Asteroid_Icosphere-Mesh.obj -0.54126,0.75802,0.36394,0.0,-0.5386,0.01983,-0.84233,0.0,-0.64572,-0.65193,0.39753,0.0,22.7803,5.69594,35.57044,1.0
scene/Asteroid_Icosphere-Mesh/Asteroid_Icosphere-Mesh.obj -0.94713,0.24465,0.20761,0.0,0.31246,0.85035,0.4234,0.0,-0.07296,0.46589,-0.88183,0.0,22.50292,-13.53966,28.47338,1.0
scene/Asteroid_Icosphere-Mesh/Asteroid_Icosphere-Mesh.obj -1.6589,0.42538,1.90282,0.0,0.53223,1.2827,0.17725,0.0,-1.10215,0.6089,-1.09699,0.0,17.73544,-9.07638,28.5561,1.0
scene/Asteroid_Icosphere-Mesh/Asteroid_Icosphere-Mesh.obj -0.23665,0.43335,-0.8696,0.0,0.13893,0.90092,0.41115,0.0,0.96161,-0.02352,-0.27341,0.0,-21.75852,-11.39086,27.5486,1.0
scene/Asteroid_Icosphere-Mesh/Asteroid_Icosphere-Mesh.obj 0.17383,-0.95784,2.83766,0.0,-1.03784,1.59958,0.60351,0.0,-1.70572,-1.01665,-0.23868,0.0,-11.3608,-4.38418,43.27696,1.0
scene/Asteroid_Icosphere-Mesh/Asteroid_Icosphere-Mesh.obj -1.36021,-0.73496,-1.26872,0.0,-0.7007,1.84602,-0.31816,0.0,1.28796,0.22812,-1.51299,0.0,-1.46606,8.14864,43.88804,1.0
scene/Asteroid_Icosphere-Mesh/Asteroid_Icosphere-Mesh.obj -0.31993,-0.84721,-0.42411,0.0,0.09692,0.41603,-0.90417,0.0,0.94247,-0.33038,-0.05099,0.0,2.17264,-5.25832,43.11636,1.0
scene/Asteroid_Icosphere-Mesh/Asteroid_Icosphere-Mesh.obj -0.31993,-0.84721,-0.42411,0.0,0.09692,0.41603,-0.90417,0.0,0.94247,-0.33038,-0.05099,0.0,2.51364,4.7087,43.7502,1.0
scene/Asteroid_Icosphere-Mesh/Asteroid_Icosphere-Mesh.obj -0.31993,-0.84721,-0.42411,0.0,0.09692,0.41603,-0.90417,0.0,0.94247,-0.33038,-0.05099,0.0,-8.7959,6.03176,43.61006,1.0
scene/Asteroid_Icosphere-Mesh/Asteroid_Icosphere-Mesh.obj -0.95712,0.05485,-0.28446,0.0,-0.1758,0.67047,0.72081,0.0,0.23026,0.73991,-0.63207,0.0,-21.35008,14.08152,44.0506,1.0
scene/Asteroid_Icosphere-Mesh/Asteroid_Icosphere-Mesh.obj -0.2536,0.59224,-2.05121,0.0,-0.25623,0.56473,0.19473,0.0,1.59499,0.72,0.01068,0.0,-20.41548,4.50492,44.04296,1.0
scene/Asteroid_Icosphere-Mesh/Asteroid_Icosphere-Mesh.obj -0.60798,-0.2966,0.73647,0.0,0.76672,0.02152,0.64163,0.0,-0.20616,0.95476,0.21432,0.0,-17.63458,0.59654,25.00452,1.0
scene/Asteroid_Icosphere-Mesh/Asteroid_Icosphere-Mesh.obj -0.40951,-1.08443,-0.54287,0.0,0.1541,0.66149,-1.43763,0.0,1.28176,-0.44932,-0.06935,0.0,-5.65346,13.87456,43.58436,1.0
scene/Asteroid_Icosphere-Mesh/Asteroid_Icosphere-Mesh.obj -0.79033,-0.2081,-0.57626,0.0,0.61055,-0.34599,-0.71241,0.0,-0.05112,-0.91487,0.4005,0.0,-19.34042,9.6433,27.39326,1.0
scene/Asteroid_Icosphere-Mesh/Asteroid_Icosphere-Mesh.obj 1.30703,0.32667,0.86311,0.0,0.34953,1.40996,-1.06294,0.0,-0.76036,0.822,0.84033,0.0,-1.51708,-12.91536,20.52346,1.0
scene/Asteroid_Icosphere-Mesh/Asteroid_Icosphere-Mesh.obj 0.82692,0.89342,1.58682,0.0,0.86643,0.81736,-0.91171,0.0,-2.11155,2.12878,-0.09819,0.0,-2.46328,-5.46538,22.42762,1.0
scene/Asteroid_Icosphere-Mesh/Asteroid_Icosphere-Mesh.obj -1.16484,-0.05619,0.39102,0.0,0.07437,1.48583,0.43506,0.0,-0.41918,0.37101,-1.19542,0.0,7.8212,-8.55802,29.64258,1.0
scene/Asteroid_Icosphere-Mesh/Asteroid_Icosphere-Mesh.obj -0.18342,-1.60194,-0.39462,0.0,0.98084,0.18925,-1.22414,0.0,1.39708,-0.41973,1.05451,0.0,13.95966,11.81566,43.42402,1.0
scene/Asteroid_Icosphere-Mesh/Asteroid_Icosphere-Mesh.obj -0.18342,-1.60194,-0.39462,0.0,0.98084,0.18925,-1.22414,0.0,1.39708,-0.41973,1.05451,0.0,9.721,9.42116,34.5966,1.0
scene/Asteroid_Icosphere-Mesh/Asteroid_Icosphere-Mesh.obj -0.50229,-1.33012,-0.66586,0.0,0.08723,0.37443,-0.81375,0.0,1.32888,-0.46583,-0.0719,0.0,20.55548,-8.3401,47.17496,1.0
scene/Asteroid_Icosphere-Mesh/Asteroid_Icosphere-Mesh.obj -1.73619,0.44536,-0.8873,0.0,0.74695,1.76346,-0.57643,0.0,0.63111,-0.80267,-1.63778,0.0,-17.99284,-12.4437,43.94076,1.0
scene/Asteroid_Icosphere-Mesh/Asteroid_Icosphere-Mesh.obj -0.79033,-0.2081,-0.57626,0.0,0.61055,-0.34599,-0.71241,0.0,-0.05112,-0.91487,0.4005,0.0,-19.32658,4.83466,29.0864,1.0
scene/Asteroid_Icosphere-Mesh/Asteroid_Icosphere-Mesh.obj -1.01162,-0.26637,-0.73761,0.0,0.86087,-0.48784,-1.0045,0.0,-0.06441,-1.15274,0.50463,0.0,-4.49908,6.18668,24.41918,1.0
scene/Asteroid_Icosphere-Mesh/Asteroid_Icosphere-Mesh.obj -1.41469,-0.3725,-1.0315,0.0,0.7876,-0.44632,-0.91901,0.0,-0.09407,-1.68336,0.73692,0.0,-9.2934,2.0154,30.79568,1.0
